4.112622070945070618e+02
3.040162595632024249e+02
2.855680407017434845e+02
2.768100197064720760e+02
2.719139816891051851e+02
2.687977518377441015e+02
2.662189633976935852e+02
2.644388906115894997e+02
2.629413719963017115e+02
2.615409835536703440e+02
2.602726221797472022e+02
2.594603471534828714e+02
2.585403765547320063e+02
2.576989097234451833e+02
2.570778141073619167e+02
2.562732317405964864e+02
2.556819586024288640e+02
2.550857279768013655e+02
2.547815831433091205e+02
2.542862200439864182e+02
2.538464468540745713e+02
2.530129316092495060e+02
2.528861819822131167e+02
2.523748400703368020e+02
2.524573769340213687e+02
2.518531295829740202e+02
2.516616586051868865e+02
2.512805627436661950e+02
2.510333193598486616e+02
2.507510864400140917e+02
2.504399061088102485e+02
2.504369846130995825e+02
